h = 0.5;
q = 0.8283*1000;
v = q/h/20;
fr = v / sqrt(981*h)